0,1788
0,234
0,0011
0,0021
0,0015
0,002
0,0021
0,0025
0,0029
0,0032
0,004
0,0044
0,0053
0,0076
0,0062
0,0067
0,0068
0,0076
0,0087
0,0089
0,0101
0,0125
0,0121
0,0121
0,0134
0,0136
0,0157
0,0182
0,016
0,0194
0,0295
0,0217
0,0242
0,022
0,0258
0,0247
0,0253
0,0276
0,0288
0,0289
0,0309
0,0346
0,0353
0,0393
0,0372
0,0368
0,0499
0,0851
0,0444
0,0454
0,0576
0,0499
0,0525
0,0533
0,0596
0,0654
0,0527
0,0546
0,0729
0,0668
0,0614
0,0629
0,0775
0,0739
0,0787
0,0761
0,0819
0,0772
0,0851
0,0904
0,1815
0,0966
0,0948
0,1091
0,447
0,1118
0,1018
0,124
0,1174
0,1061
0,1071
0,1256
0,1251
0,13
0,1393
0,1263
0,1447
0,1363
0,1488
0,2218
0,1585
0,1507
0,1532
0,1515
0,1511
0,314
0,1829
0,1604
0,15
0,2933
0,1901
0,3908
0,2032
0,1636
0,2454
0,1699
0,2766
0,2069
0,2141
0,203
0,2439
0,2204
0,2113
0,2347
0,1981
0,1911
0,2494
0,1722
0,2196
0,2481
0,2756
0,1992
0,2232
0,226
0,2307
0,2108
0,2541
0,2317
0,3048
0,7707
0,4721
0,3623
0,2501
0,2619
0,2548
0,3283
0,2936
0,2052
0,3273
0,2663
0,2792
0,5534
0,2593
0,3087
0,3413
0,2582
0,3625
0,3367
0,5457
0,3851
0,4081
0,3449
0,5863
0,564
0,461
0,3809
0,3628
0,4899
0,4514
0,5111
0,5527
0,3817
0,6572
0,4921
0,4689
0,5651
0,4856
0,4568
0,4571
0,4602
0,5314
0,5197
0,4869
0,4614
0,5533
0,4848
0,6349
0,3313
0,4644
0,3358
0,7728
0,5419
0,3481
0,355
0,3707
0,5295
0,3655
0,3714
0,375
0,642
0,6375
0,3887
0,3885
0,554
0,575
0,4036
0,5867
0,4079
0,7673
0,6085
0,439
0,8387
0,4324
0,6474
0,5381
0,4549
0,4467
0,482
0,6974
0,4672
0,7103
0,4722
0,506
0,8058
0,4812
0,4829
0,6039
0,4972
0,629
0,8177
0,5045
0,5101
1,3742
0,5242
0,791
1,081
0,5339
0,9341
0,5574
0,827
0,7023
0,8265
0,8755
0,9867
0,9126
0,8828
0,6063
0,6084
0,8605
0,8875
0,6063
0,6391
0,9339
0,9106
0,6633
0,9911
0,941
0,9368
0,8324
0,9503
0,986
1,2102
1,0206
1,0487
0,6657
0,6741
1,221
0,6901
0,8728
0,7284
0,7048
0,7288
1,3418
1,2488
0,9582
0,8921
0,743
0,7471
0,7504
0,761
0,7768
1,1106
0,767
1,2118
1,2646
1,2304
0,8046
1,2769
0,8018
0,8285
1,3088
1,2251
0,8562
1,4826
1,2847
1,2509
1,3202
1,1973
0,8642
1,3601
1,4256
1,3634
1,4591
0,8879
0,9112
1,3714
0,9391
0,991
0,9382
0,9365
1,9111
0,9519
1,4638
0,9452
0,9638
1,3062
1,5013
1,5052
1,1065
1,1068
1,4854
1,5513
1,6011
1,0811
1,7934
1,0292
1,2912
1,0614
1,6499
1,1753
1,0828
1,064
1,0972
1,6445
1,5769
1,0899
1,1349
1,7365
1,8639
1,1233
1,7675
2,1292
3,6411
2,4796
1,9029
1,83
2,1656
2,039
1,2156
1,1748
1,8394
1,198
1,2066
1,7266
1,2139
1,8871
1,62
1,2313
1,271
1,9932
1,4305
1,2868
1,2808
1,2895
1,5912
2,0247
1,3429
1,4623
2,0824
2,2538
1,5078
1,4224
2,0169
2,1071
2,1813
2,1366
2,3131
1,4099
1,4731
2,3763
1,5096
1,565
2,4611
1,5891
1,4712
2,0574
1,4933
2,2263
2,4087
1,6239
1,4854
1,909
1,5157
1,6523
3,0387
2,3413
2,4709
2,358
2,4688
1,5525
1,6359
1,8661
2,5254
1,667
1,6532
3,0934
2,4818
1,7634
2,799
1,7135
2,33
2,6841
2,6741
1,7843
1,7147
2,6047
2,678
2,3203
1,7225
1,7471
2,659
1,919
1,7498
2,7238
1,7572
2,0972
1,9684
3,089
2,0029
1,839
1,8748
2,9067
1,8575
2,3529
2,9486
3,6286
2,7542
3,932
3,297
3,9487
2,9854
3,358
1,9657
2,942
2,6498
1,9933
1,9982
2,9121
2,216
3,4011
2,686
3,0189
3,2678
3,0607
3,0629
3,8778
2,1934
3,0751
3,3039
3,166
2,5619
3,707
2,1685
3,2369
2,6763
2,3175
2,3849
2,5844
2,4753
2,9012
3,2612
2,2887
3,0335
2,3475
2,4043
3,3579
3,3823
2,3209
3,2464
3,4343
2,3718
3,1705
2,3357
2,7104
2,6648
2,4136
4,0783
3,8116
3,513
3,1598
2,4277
3,4782
3,4299
2,7824
3,2863
2,547
2,6935
3,7029
3,4718
3,1258
4,0141
4,5874
4,9017
4,8553
3,9262
3,2493
3,1126
2,6797
3,4823
3,4437
3,599
3,4041
4,0007
3,7622
4,1946
4,3847
2,8096
4,0156
2,959
3,1285
3,9445
2,7653
2,9985
3,329
2,8452
3,455
4,1244
5,2392
4,3767
5,2861
4,9599
6,6994
4,9471
3,5938
3,1249
3,0846
3,7937
2,9545
4,2081
2,9979
3,1483
3,4829
3,1328
3,3415
4,1975
3,9484
3,2182
3,3952
3,7576
3,1415
5,2487
4,9219
4,4014
4,3265
4,8024
3,8166
3,2419
4,1447
3,2599
4,0661
3,2498
4,1321
3,3704
3,3877
4,5383
3,4223
6,0155
3,9203
4,2146
3,4152
3,6079
3,7136
4,5965
4,0853
3,5093
4,6246
4,2251
4,1097
4,5187
3,4626
3,9024
3,6051
17,868
7,4708
5,4168
5,4565
5,0644
5,4728
5,8679
6,4956
5,5337
4,9625
7,4589
7,8062
7,6013
5,7322
4,3929
4,3689
4,0119
3,9123
4,4207
4,5875
4,4868
4,3886
3,7692
4,6558
3,9529
4,7682
4,7968
4,2454
4,0012
3,9625
4,0591
4,9673
5,2013
3,9866
4,3197
4,4674
6,1302
6,4668
6,4888
11,296
5,5438
4,4513
4,724
4,0771
5,8492
4,2428
5,9057
4,855
4,2705
4,1315
4,1923
4,6708
4,407
4,8538
4,2483
4,7231
4,9876
5,0951
5,9919
5,178
4,8473
4,3441
4,944
4,4451
4,3818
4,4477
4,4563
4,7975
5,0245
5,1562
5,0305
4,5765
7,397
4,9678
5,4291
4,5219
4,5833
5,4822
4,6772
4,7662
5,1078
4,8708
5,1584
5,7581
4,6081
5,9825
5,2941
5,757
5,14
4,8252
5,2841
5,6643
4,9222
5,6835
5,1789
6,6723
5,0036
6,7235
6,0752
6,1372
5,5552
5,0961
4,9375
5,0612
5,1381
5,2765
5,3301
5,7388
5,3745
5,5015
5,6043
5,0256
6,3679
5,559
5,0067
5,4764
5,8154
5,8541
5,3399
6,4042
6,1322
6,1534
5,3007
5,5796
5,7788
5,3534
6,1328
5,5945
5,7004
5,2461
6,0382
5,7398
5,5727
6,6134
5,3227
6,0838
8,1387
10,4782
11,2492
8,3335
7,522
6,4659
5,5312
6,9983
7,0252
5,4997
5,9633
5,8246
8,1803
9,4241
6,9352
6,496
5,9706
6,2101
5,7871
6,6006
6,6322
5,8583
5,7154
6,8491
5,992
7,3862
5,998
6,2708
7,0089
6,5498
7,7795
6,2431
6,5905
6,654
7,4342
7,3942
6,315
7,0993
6,5132
6,7703
7,7639
9,0247
7,0256
6,8514
7,1553
7,9134
6,8705
6,5961
6,6622
7,7324
6,8086
6,3612
6,8882
6,5727
6,6306
7,2928
6,784
7,2725
6,9435
6,3637
6,5629
6,6438
7,2388
7,0832
6,4875
7,9346
6,9829
6,747
6,6397
6,9289
6,8621
6,7519
6,6452
7,3932
6,6867
8,2005
8,9909
12,519
9,6081
9,8712
7,3296
8,5651
10,2954
9,9837
9,5992
26,4838
10,6007
10,905
7,7029
6,9345
7,0737
7,1554
7,7952
7,1543
6,9608
7,2266
7,3443
8,8229
7,3704
7,4031
7,2008
7,6683
8,0696
7,5887
7,2348
7,4541
7,7816
9,1717
8,7639
8,238
7,8128
7,3892
7,4327
7,4653
7,3708
7,7695
9,0632
7,4844
7,4236
8,1994
7,7616
7,9142
10,2668
8,2863
7,9453
8,5125
8,3403
8,335
8,0724
8,8421
7,8116
7,7903
7,7283
7,6052
7,8761
7,8188
8,4757
8,0386
8,9393
8,6682
8,446
8,0686
8,0887
7,8415
13,2037
12,6272
10,5687
8,395
8,2947
8,08
8,3468
8,1702
9,4923
9,2185
8,1482
8,0954
8,188
8,378
8,1801
8,2322
8,2104
8,5468
9,5221
8,683
8,9107
8,7169
9,0446
8,7794
8,4203
8,6236
8,3859
8,5552
11,1685
8,5225
8,8297
8,6834
8,6535
8,7136
8,9465
9,9708
11,7681
8,8609
8,9185
10,9915
9,0165
9,1478
8,9043
8,9339
8,9401
8,8621
8,9355
8,9934
9,2947
8,9258
9,21
9,076
9,3543
9,0976
9,1737
9,3085
9,1576
9,3541
9,3752
9,5154
9,3511
9,3287
9,3438
10,3085
13,2114
12,7314
12,2884
10,0258
10,7811
11,0806
10,0129
9,9585
10,0368
11,1904
9,9832
10,075
10,034
9,6755
10,5443
9,9164
10,3916
10,0359
10,2767
10,161
11,1161
12,5859
15,0554
14,1402
12,2995
10,4825
10,7112
11,139
10,9453
10,3599
10,0903
11,4372
10,5114
10,9408
11,053
11,0446
10,783
10,6581
10,798
10,204
10,4903
10,7149
11,2081
10,6109
10,9062
10,7338
10,9465
10,7525
11,8303
11,2916
13,7482
11,2208
11,0676
10,9487
11,0138
20,8061
16,5123
15,9652
11,4693
12,7453
11,4197
11,3396
12,8752
12,0875
11,3128
10,9273
11,1729
11,5397
11,1151
11,7081
12,1759
10,9086
11,0236
11,4893
11,148
11,641
11,9535
11,4345
11,9482
11,7882
11,6472
14,828
12,0752
11,9013
11,6822
18,0267
14,8027
11,9734
12,2296
12,1925
12,492
14,5327
16,3804
12,626
12,0163
11,6337
13,578
12,1263
11,5329
12,0011
14,1356
12,6672
11,9129
12,143
13,4846
12,4333
12,4682
12,3116
12,2286
12,1374
13,994
12,4821
13,2986
12,35
12,548
12,3665
12,1598
12,7479
13,6334
12,4479
13,0065
12,0442
13,2965
13,0526
16,731
18,9052
24,1012
16,7586
16,6709
14,0783
18,1887
13,9368
19,8738
19,9352
14,9935
17,5313
13,6784
18,1887
15,7431
13,3408
14,3109
16,4682
14,2408
12,9748
14,6151
18,933
17,9878
16,914
14,0346
14,0973
13,8264
14,2839
13,555
16,253
13,3788
16,7704
13,7885
13,002
14,9205
13,9206
14,4715
17,3989
14,4642
13,8334
14,7007
16,767
17,2171
15,4639
13,9786
13,3873
14,104
13,9073
13,915
17,7219
21,1551
14,7394
16,5764
14,0811
14,4674
14,7039
14,5092
14,215
14,4561
14,1676
14,0979
15,2667
14,1354
14,1785
14,6781
14,5444
14,2825
15,017
17,0347
14,7351
14,6605
14,33
14,0461
15,4049
14,8133
14,6712
15,9011
14,6322
14,841
14,7144
16,9023
14,799
15,1586
15,0419
14,6956
15,8541
15,6782
14,9021
15,195
15,9747
20,5085
22,8386
15,2528
15,8742
15,1786
17,0091
15,4786
15,4726
15,6491
16,0625
15,2935
15,4825
16,19
15,3537
15,8712
17,2306
15,6162
15,3289
15,5269
15,518
15,7745
16,7454
30,7846
25,6058
18,0432
16,8942
16,5009
16,1985
16,6239
15,7527
16,4838
16,2203
16,4222
16,3031
16,69
26,1484
16,1207
16,6806
16,5425
16,8059
22,1523
17,5165
23,5457
18,0125
20,6167
17,6911
17,0121
23,7937
21,7199
23,0741
18,9004
16,8726
16,6424
17,4276
19,3609
18,1253
17,9117
17,3258
17,3309
17,316
17,8326
18,3948
25,1506
17,8423
17,5603
17,8161
16,6902
16,9659
17,5787
18,5096
17,4597
18,382
17,4917
18,5985
17,6792
19,9892
17,839
18,1564
17,7255
23,8567
25,0885
21,2319
23,8265
21,2404
23,1945
17,9667
21,8016
20,626
22,4244
22,1014
18,266
21,3992
18,3301
32,1038
18,9182
18,6646
17,6618
20,014
22,0993
22,5263
21,7752
25,8027
18,7878
18,2482
20,753
18,0793
18,9599
19,1368
21,9019
18,4911
23,7212
21,3131
20,4193
18,6923
19,1362
18,7721
19,3887
18,6025
19,1669
18,88
19,8599
18,7628
20,0193
30,9973
25,3726
19,0178
18,8084
18,93
19,1783
18,7279
19,9729
19,0307
19,26
81,6493
73,9253
20,8345
20,4327
20,6677
27,4505
20,9601
21,5195
20,8075
19,979
19,7434
21,0516
19,2087
20,0513
21,9378
20,4482
35,7637
19,4201
20,3036
19,6423
20,4411
21,1326
22,0333
21,3466
29,3984
25,7451
23,6861
20,3247
27,4962
24,639
22,3183
23,9616
21,2236
21,6653
22,2219
20,7785
20,5592
21,5212
20,532
21,7677
20,4515
20,9268
20,7193
30,373
28,6377
21,2927
23,5615
30,9411
29,1216
25,205
21,6971
20,5539
23,8684
20,6072
22,7234
21,8406
21,9136
21,6502
26,1458
21,3411
21,6468
22,0155
21,4235
21,1629
21,7508
22,1125
24,5344
21,7425
21,1262
21,9903
21,1696
22,5629
34,3201
21,7862
21,8375
21,424
23,187
21,7545
21,9958
21,6092
21,6624
25,2462
37,3891
21,9598
22,3402
23,0586
38,1982
26,2721
28,4846
24,0684
22,2933
24,3271
21,9785
23,622
22,7921
22,1052
22,8609
22,1762
31,498
26,8196
22,3969
23,3638
22,2957
22,2794
25,4409
22,2806
26,9706
28,6617
25,2942
24,8163
23,1821
23,4177
23,4924
22,6735
23,0458
23,4176
24,6083
24,3451
25,9938
26,6918
24,2283
23,1368
23,6062
23,8132
32,2816
23,9856
24,5678
23,0764
27,4882
23,8941
23,1764
28,4819
24,2853
23,9272
23,4602
25,1264
25,8225
26,2016
30,9494
28,3924
23,7527
25,5646
24,7389
23,5111
24,5911
26,477
38,7946
40,7332
29,384
26,3789
24,108
26,192
30,3134
31,0982
29,0711
28,8815
27,2814
25,1204
24,0785
25,4193
25,9599
31,8544
30,2898
28,0944
25,202
26,1708
25,2425
25,821
25,2596
24,8783
25,9568
36,0085
24,8837
26,1622
24,5378
26,0106
26,457
26,6257
25,3773
25,9692
26,04
25,0815
26,2397
25,5392
27,8794
25,7693
26,5649
26,2555
25,8418
25,5192
28,096
25,4954
26,8597
27,7175
25,7673
30,3941
27,3006
27,0383
29,0977
25,9476
26,7825
26,7049
26,142
27,6107
26,3523
26,6778
47,4291
32,2544
29,2637
26,7334
27,11
27,4978
26,8134
28,0694
27,0885
26,0063
27,717
26,5949
34,0821
27,8057
26,9352
27,4051
27,46
26,1512
28,6727
33,6554
31,5189
28,7398
28,5242
26,9172
27,5507
29,7287
31,6442
30,9366
30,3548
29,2379
26,6779
27,8196
27,7829
30,1015
40,6346
27,7464
28,2765
27,7395
27,0516
29,3701
28,1963
27,7725
28,9361
32,5081
28,2349
28,476
29,7616
29,8081
28,4986
29,0061
29,0878
27,7406
29,729
28,9011
28,0584
29,9381
49,2221
30,3962
39,2445
33,9808
31,7373
28,6485
28,5537
32,0433
38,2812
33,7748
36,1674
28,6761
30,9452
29,2415
29,2492
30,6707
28,7456
31,8136
29,5246
31,2861
31,4119
46,256
29,0993
29,8523
30,2227
29,7492
30,0707
29,6409
30,0998
28,9623
28,9198
31,7774
30,4437
31,5411
30,3359
30,0439
33,3348
31,0075
30,0449
29,7276
30,6441
36,7474
32,4067
30,8153
29,9749
42,2501
35,0463
31,3419
30,9339
33,8826
37,8878
40,6174
33,144
30,3564
31,5375
31,2719
31,331
30,826
30,8759
31,2764
34,7759
37,5887
38,9321
50,4861
31,5683
33,2862
32,0688
36,0109
36,1986
34,6001
35,7852
32,4718
31,6054
31,2323
31,852
32,4011
39,1318
47,6287
38,0525
32,6522
32,3041
35,3934
36,3136
32,7724
39,0324
37,8984
33,2911
31,5551
33,2443
32,2127
32,882
32,784
32,5201
33,4145
34,5862
32,3585
34,7758
41,8215
33,0483
32,2967
32,2948
36,3852
33,606
32,3582
32,8322
32,5758
35,0628
33,0131
33,993
34,2861
32,8784
33,7748
33,058
33,6229
33,1076
42,9274
37,6011
34,4824
35,0455
40,3085
37,3914
33,2667
33,0226
32,8633
38,3175
33,056
34,1348
33,734
34,9001
34,6693
34,2801
34,7392
35,6133
35,5594
60,25
34,5802
36,3346
33,5912
33,6585
33,8785
34,4222
35,9538
35,3984
35,755
35,2477
34,4263
35,1127
37,5338
34,8174
34,7276
34,5368
35,1206
41,247
34,7819
34,7093
52,0723
44,3417
41,2958
41,8578
35,0995
34,93
36,1157
36,4345
35,4171
35,3239
35,5836
35,8252
36,5754
36,1377
47,7148
35,5524
37,8248
37,676
36,0862
35,9114
36,0661
35,9475
36,5845
35,8276
35,7947
36,1969
35,9548
38,8966
36,7572
46,1393
47,7988
50,1873
40,6376
45,222
46,1897
36,3842
37,2709
38,5007
38,1141
45,8955
42,7693
36,2588
39,7454
37,2346
36,4029
78,7465
64,9754
39,1212
55,5863
52,5394
40,8573
37,4047
37,3133
37,4496
87,3317
47,7116
40,2635
37,6284
37,3287
52,2485
37,328
42,4559
37,0254
37,057
37,2412
37,4203
43,7216
42,2037
38,0238
38,5983
38,1593
38,4409
38,9256
38,6789
39,5457
40,6138
56,7659
39,2434
39,6847
50,6353
45,65
39,3902
38,1849
38,7142
45,0599
45,4642
42,3267
43,0165
40,0998
38,7705
38,3641
61,5144
53,9225
47,7184
44,4142
39,5488
39,91
39,1608
40,4532
39,7221
39,6135
38,9636
39,2802
39,8735
42,3163
39,6378
40,5901
49,9378
42,7844
39,9269
43,6774
39,3972
40,1192
40,1044
42,3811
39,868
42,4855
40,5593
40,1037
39,6033
39,7437
41,1051
39,767
51,9767
40,7363
40,4566
42,2066
41,3156
41,1694
40,1353
40,6164
41,7485
41,2772
41,9218
41,8178
40,3423
45,791
41,2269
42,6788
63,1339
49,6464
43,0117
43,2622
45,9775
41,8371
44,6103
40,8452
41,9776
41,425
42,833
41,6718
42,3335
48,143
49,1807
59,6305
48,7964
45,0468
42,0791
42,402
43,3717
41,8216
46,2919
56,2317
51,9834
44,1558
43,3202
42,0462
47,6823
42,8049
55,1431
42,0011
41,9059
44,1661
41,2876
44,5463
44,4094
44,3037
47,7919
43,3364
47,7854
42,1578
45,0579
71,3408
46,1835
45,411
43,294
42,5717
47,525
44,2084
43,0435
43,2627
43,7652
44,4779
43,5978
43,9093
45,2527
42,8965
51,8985
49,8074
43,3436
43,8807
44,0672
53,3967
51,7659
44,4303
43,6229
44,9725
45,6494
44,5649
44,842
44,1631
52,8146
44,3237
45,6625
44,2175
45,8091
45,1357
44,831
49,5088
44,7841
44,7402
45,7175
44,8445
45,2845
43,7058
47,0543
67,0706
46,2067
45,6905
55,4247
54,2914
48,6382
59,3319
45,7734
45,1551
44,505
45,6691
49,3264
45,5347
81,1819
61,2669
52,2598
48,2371
65,4131
51,6888
46,4436
47,0249
46,2322
45,0161
49,6991
46,6168
49,8701
61,8243
58,8201
59,3344
49,1698
46,1142
46,1845
50,6374
47,1623
48,0382
47,4881
49,678
46,8765
46,2985
60,7963
47,1247
47,1036
50,6082
47,2935
47,9494
48,3877
47,6138
48,1498
46,8482
47,9814
56,3361
64,637
47,5591
47,7374
49,7109
48,3624
53,27
49,4533
47,4952
48,5859
51,8669
48,5379
56,2697
47,3811
49,087
66,2446
49,1717
47,5806
48,7202
54,8004
48,8264
48,686
57,8185
51,1687
51,5517
69,2007
55,112
49,9537
79,6271
49,2814
50,0784
49,0979
52,8363
55,2091
52,2413
49,9039
49,8376
50,6474
50,0625
49,4956
67,8894
63,7041
57,2029
56,2283
49,2635
57,533
57,0185
51,2861
53,005
62,3299
49,5257
50,7934
53,3854
50,3016
50,6005
49,7328
51,6358
52,4238
50,3187
49,6959
50,618
51,1272
50,6124
50,1771
54,5005
50,9307
49,7723
52,9861
59,791
52,1705
52,3086
59,8646
58,0478
49,8417
50,3011
55,6687
52,5725
55,5055
50,8899
50,5002
52,3233
51,0473
59,2476
52,7602
52,8878
51,7673
59,9944
56,8842
54,8552
63,5255
50,8946
53,1294
54,32
51,6502
52,1471
51,7788
56,0369
51,8644
63,4316
52,3869
53,0654
75,4
53,6056
52,7981
57,3597
54,8158
53,4271
52,921
52,5375
52,7902
55,8215
53,4809
53,5456
62,8872
52,4238
56,5835
52,9202
54,8683
53,555
109,9426
76,3952
68,7604
60,8805
53,2025
72,3091
57,4635
52,7087
55,8318
52,8805
56,9729
54,2212
53,9621
53,9356
53,637
65,9671
55,7752
60,7568
55,7017
54,435
55,7145
55,3056
55,2181
55,0377
58,4201
54,4166
65,5512
74,8891
61,1634
75,473
65,024
54,9862
60,9836
64,1715
54,0071
54,1727
55,9402
56,3332
54,9906
61,5429
61,8329
58,3126
57,9531
54,6295
55,2781
58,3131
54,7564
56,5741
57,7742
55,3329
73,778
58,4274
63,1315
56,3789
57,278
55,374
55,5571
66,9147
59,0912
82,1918
57,8798
56,6989
58,6173
63,7564
66,5161
67,3005
56,8496
58,045
57,871
55,6668
56,002
57,7728
61,4757
56,6731
60,1667
68,2616
57,8075
66,7936
64,8152
59,8487
65,7287
57,364
75,5991
59,4406
61,2325
82,8756
56,8682
61,5723
124,8849
87,3419
57,7796
70,2156
65,0882
59,0809
58,137
83,6301
75,2068
71,0369
59,3483
58,3701
58,7058
61,8372
70,0526
58,6379
58,5136
60,5067
58,8848
59,2601
59,7957
59,6772
59,8315
59,4892
79,4498
62,2397
59,2007
69,5149
59,7882
59,3955
61,4265
59,6875
61,6112
65,0149
60,6372
59,846
59,8724
64,1404
128,0465
59,7396
62,2915
61,5152
63,1767
60,0244
61,1653
61,0395
60,6256
73,2358
119,745
60,5944
60,5062
61,9729
62,0715
62,4117
60,481
61,028
80,2088
69,0675
66,6516
63,3955
61,9816
91,7277
75,9077
61,8538
62,2961
169,7941
67,6168
89,2491
72,6002
64,8484
64,2499
61,6613
62,7149
65,1839
62,8862
62,1492
61,8213
92,3477
77,7023
68,0486
68,7833
63,0881
63,9934
65,5235
62,9213
62,6142
61,957
105,8091
65,7353
75,6346
64,8703
62,9538
65,7551
63,2925
63,1806
62,8795
62,9579
87,245
86,7008
64,2109
65,3188
82,1596
63,9632
75,4093
65,0364
63,8666
72,8771
63,5023
64,4957
79,1531
80,0742
83,9463
76,363
78,5563
98,8935
90,1069
65,1221
66,1846
75,5375
70,5439
65,42
64,5949
100,5857
67,9184
78,511
65,2753
65,2392
70,6959
81,2929
79,4422
69,385
127,809
127,2517
66,0884
70,2593
65,4732
65,5604
65,3233
67,3317
70,4806
65,8616
66,5408
81,9435
65,5449
68,1644
78,9712
66,6277
67,9474
70,3608
66,3613
67,1731
66,5295
68,2119
74,4551
75,7356
75,4088
70,7803
84,0094
82,9574
74,4777
98,9311
67,6843
67,2696
78,3693
73,879
68,9128
67,5835
69,8777
67,1784
67,8305
120,7691
76,7294
90,7965
74,6768
72,6178
79,6967
74,5141
71,3054
68,259
75,3892
68,6773
68,3865
88,715
74,3214
82,2276
68,3887
69,5249
71,4015
68,9173
76,6693
69,2125
68,8359
76,9114
70,7664
70,4013
79,0845
88,5727
76,7103
86,0857
70,886
70,7116
72,8906
72,3566
76,3101
70,6566
72,8712
69,9332
85,8323
103,8107
74,0671
100,7165
73,2854
71,8387
74,3088
71,8051
73,444
79,8099
89,6973
73,8821
85,9386
72,1725
71,7851
71,2955
73,5092
72,2668
109,6553
73,0596
86,5541
81,1348
72,5816
71,849
72,2334
72,6669
72,7681
107,4543
89,8847
77,5514
72,1734
85,4914
76,7123
74,5636
73,1821
73,4326
93,2581
73,3323
73,2098
84,357
198,737
80,6957
85,1214
76,9199
75,499
74,5041
76,0474
73,3809
102,1015
77,4626
108,3409
113,6036
80,7671
79,4923
85,5034
80,8421
83,7093
81,7969
85,4726
110,8983
82,9106
96,0256
94,1264
85,3986
94,1664
95,7508
83,7608
85,4856
87,5218
75,5811
75,0154
76,8598
80,1161
87,0245
105,5024
92,1455
75,9733
75,9998
76,2284
78,1152
82,2529
77,0277
74,9746
93,7792
78,5239
78,3397
76,4113
79,2628
79,4646
76,9949
105,3512
86,4292
76,0848
76,8761
77,0431
77,6394
81,2978
77,8785
87,8078
85,4448
105,5201
92,1328
118,6122
108,1464
89,545
81,094
96,1923
223,7683
75,6283
79,965
81,0295
78,2347
77,438
77,7862
77,297
77,2707
105,8223
78,9331
79,5933
79,1785
79,3256
79,2664
83,0613
78,1124
101,2408
78,2819
84,8539
78,1171
82,1634
83,9122
118,1025
79,783
111,1232
83,6944
79,9663
80,1628
79,6846
79,6872
78,0642
91,6439
106,1166
84,599
79,2921
100,5767
99,9748
96,6144
81,7382
147,3996
83,7063
83,246
117,7941
84,8107
89,1705
79,0422
85,9621
112,3701
80,1357
80,0448
80,0882
82,2427
93,5851
95,7983
131,7896
89,6814
79,4139
79,9828
90,2834
80,1104
87,0803
80,9087
102,1174
80,9039
80,4512
100,3559
84,255
98,2721
80,7459
81,4571
110,3716
88,206
80,465
81,1769
81,3242
83,9793
81,3712
81,6945
99,616
85,8721
80,8841
80,4179
81,6016
83,0508
85,8864
81,8408
89,0784
82,5918
82,4417
82,2673
84,0742
85,4936
87,8107
81,8391
113,0733
100,4002
85,0265
90,1002
91,9653
84,2471
81,6453
82,3185
82,322
82,8168
82,2512
82,7029
84,5285
83,6083
83,3596
83,4638
82,888
84,6065
83,221
84,3801
92,8359
88,064
85,3803
85,9063
84,4457
104,3491
92,7605
90,5559
114,9712
84,5805
84,8368
92,2248
128,2261
102,1297
96,4334
84,2638
86,4799
88,0813
84,6472
85,8732
89,8079
85,4768
84,7819
85,7891
87,3411
85,1568
103,501
98,4386
90,911
88,9388
108,7783
115,5239
96,102
87,1668
175,1874
107,171
91,4736
96,9451
93,2221
85,5172
92,2596
155,0872
113,3909
90,527
87,6227
87,8317
88,7372
101,2163
110,1252
89,6146
89,8026
95,244
137,8553
108,3803
104,1364
142,9474
93,2406
86,8714
87,8778
89,7073
91,9211
87,7315
88,5884
88,4704
93,8964
92,5874
88,5382
96,3952
89,5901
90,898
110,9061
101,2368
92,8421
87,7006
94,6721
92,3495
88,5863
89,4256
90,117
88,4652
106,4144
107,1986
89,62
89,7323
91,2896
87,7453
99,1571
102,1733
89,8218
93,3221
95,9723
90,8288
124,323
95,7264
100,484
89,9643
90,3251
90,6132
91,1656
113,8523
93,8181
93,5458
91,3221
103,8424
95,7936
104,9816
116,6738
113,9302
115,8495
105,6541
94,487
90,9854
91,4211
96,1752
96,7648
91,0235
142,6966
115,9183
91,369
113,905
104,0892
92,1526
91,5248
91,0219
94,2407
92,0247
94,6432
98,4669
102,376
99,0701
95,9435
104,7467
98,3847
120,9156
107,3187
92,1658
97,7737
110,7803
107,7237
123,1549
144,4329
111,21
103,0804
95,0219
93,837
93,8008
113,659
94,1267
95,4804
94,4445
93,169
92,7922
93,2117
130,9147
91,9335
118,0526
101,7814
94,3704
93,035
97,8155
98,9861
106,7849
97,7167
95,5619
94,3308
94,767
113,1903
107,5663
96,3128
100,7306
95,2099
94,2771
99,8092
99,4652
94,467
92,8638
95,1594
97,6547
95,1665
99,1325
95,9544
109,4547
95,7575
95,1239
103,1615
97,0552
95,767
110,4042
120,6288
109,7905
97,3987
112,0071
95,5326
96,7428
97,1402
115,882
96,5365
96,579
96,1708
95,8569
96,8348
99,271
117,0432
97,5243
140,4663
100,54
96,9136
100,9901
99,1678
132,1501
107,6544
97,7004
97,5114
96,4916
100,1961
98,1773
113,0895
104,9687
100,0662
103,8544
123,9904
109,5989
160,6945
99,3485
98,7183
98,0333
104,8954
98,5958
120,9013
99,4029
110,1515
102,9453
108,6414
121,7856
106,5308
103,0669
99,1568
114,4383
104,3387
110,0757
100,2515
129,133
119,694
99,2255
115,4786
286,2194
143,3532
107,5537
107,127
119,285
101,9078
104,0572
132,2424
101,3551
101,8152
115,4487
102,2181
104,9242
102,9732
129,1444
107,1138
101,9994
110,1054
106,7403
105,3916
123,9577
128,895
102,7928
124,9201
113,2454
111,0952
167,5585
112,3494
107,2952
101,8044
102,978
110,7256
149,2452
105,2406
104,7304
114,0308
103,3832
112,383
138,8395
108,3319
102,0571
108,26
104,2559
103,7451
123,7559
112,724
127,2726
241,4082
103,0293
115,4451
211,5322
111,246
105,2111
108,5033
108,1204
143,9207
140,4286
105,7141
119,0142
117,3848
142,8944
103,2012
108,5632
106,1411
105,0952
126,0344
164,7893
105,4967
104,5978
105,1846
111,5526
109,2019
125,2257
108,6238
105,2542
107,2003
109,6924
106,1054
108,0807
106,3543
106,7061
107,9935
132,9763
114,2168
178,1355
124,1392
107,2974
105,7783
118,8743
113,3622
114,5033
105,8795
110,1065
131,5471
106,5021
110,2701
121,4851
106,9152
108,5889
106,2098
107,8533
107,9099
105,9848
145,7969
107,8617
107,4615
115,5609
129,0151
106,2671
107,8665
250,4328
111,7438
178,8753
110,0901
110,6764
106,8921
108,2109
107,7628
127,9326
127,252
107,6643
109,3369
108,6909
108,2953
125,726
124,0561
108,1251
131,1512
110,2973
107,5143
170,2768
156,0354
148,2556
107,8887
107,8077
128,8429
120,7835
129,7757
110,9554
107,5923
113,1303
133,6052
109,6019
111,5846
109,9828
124,2275
111,2013
135,1745
112,2053
110,582
109,8379
109,7038
116,1394
137,7865
122,8944
114,3127
111,2191
112,7051
111,8524
159,8219
113,0099
110,9989
111,1204
113,6476
121,8655
113,6228
131,7941
111,2896
115,0074
131,2842
136,5934
113,1759
110,7748
114,6475
112,9634
112,5281
116,8892
134,5977
125,9067
113,7145
127,415
135,4478
129,6391
116,3174
127,8687
117,6493
113,9071
112,5243
124,1124
112,6096
114,2761
131,7798
134,7696
114,0323
209,0039
157,4758
129,6616
114,6051
115,7957
115,3724
119,0849
139,0829
162,6596
122,0053
114,8703
118,6947
118,4248
114,9884
129,9525
118,31
116,7478
116,1883
121,8978
136,3931
138,4396
114,7862
142,487
117,5423
118,8167
124,3164
115,7727
154,2243
118,8999
114,9939
137,9372
117,4791
120,4643
117,8739
131,0506
128,7426
115,7607
128,4961
123,7521
115,7746
116,9919
125,6787
233,5647
117,2765
133,4935
277,6105
121,6974
116,9255
116,6318
117,9728
117,1682
130,2265
116,3759
116,7301
129,3774
128,5082
133,6469
117,8386
119,3938
116,8377
129,7317
116,8991
143,7137
117,8543
117,1741
117,1996
117,5709
142,4677
118,7583
117,2323
138,545
120,5511
133,3917
124,4123
119,8289
121,7413
135,2031
122,3177
117,6692
118,3503
118,2436
118,393
126,4246
138,6167
117,5877
121,2769
118,5245
119,4969
121,5085
131,4912
123,2402
118,7491
118,839
121,0382
140,3883
119,1391
136,5725
119,1433
130,5417
129,2805
120,297
119,4064
120,1333
127,4447
148,0547
122,9543
123,7076
123,3796
132,6626
122,0049
145,8022
121,2493
157,3203
261,9788
151,4735
136,0052
122,2383
123,4609
126,2932
121,762
123,2862
126,4477
135,4215
123,3721
125,3821
145,387
122,6016
135,4835
131,7955
124,5532
155,297
139,2966
124,545
125,6765
149,6991
173,0342
172,2356
124,9038
155,5898
126,2287
132,7762
125,596
123,8116
130,411
127,6596
134,9435
131,7304
125,7641
141,2829
126,5364
169,2737
128,8014
125,128
126,0965
129,8832
160,2545
127,5084
125,8788
127,3564
131,9133
154,162
127,2381
126,5684
126,4867
127,0724
134,0486
127,8887
125,5002
126,8516
140,9488
175,8814
126,6701
126,8209
129,4984
129,7589
139,0308
126,0531
136,6797
128,6269
127,8587
128,6257
157,9561
140,5417
128,4658
128,8639
130,9321
169,3118
128,4092
127,0716
131,2655
130,9462
156,0934
129,1677
130,6978
132,6288
149,1857
132,1706
130,667
130,383
131,5677
133,1874
130,7118
156,3967
132,151
155,1793
129,1834
139,2106
130,6702
146,5666
131,9907
129,9881
132,1219
130,6296
155,7974
186,8637
133,799
149,8832
134,4103
131,2586
131,9006
139,9829
148,4641
137,1565
146,5557
150,1026
166,2436
146,4444
147,3689
161,1444
149,3666
139,2491
145,8821
151,9207
158,3602
194,4416
132,7258
131,4465
132,3899
142,5142
167,2063
199,7241
162,9294
145,5649
192,0191
152,4699
140,2017
153,7844
182,2724
142,2061
150,6639
153,5469
306,8048
142,6783
194,6131
140,1645
279,4126
183,0332
155,1433
140,8119
202,2932
172,4265
150,3197
181,1635
168,2585
134,388
134,3865
133,3809
137,0504
156,3458
143,1403
135,7637
135,5033
137,1969
165,843
142,6366
142,2225
148,8145
143,6034
141,2243
135,0951
134,2279
136,6378
173,7494
146,1285
134,8434
139,6878
136,6371
237,6697
135,75
136,5402
145,4782
153,9498
151,706
136,8124
135,4299
137,8733
144,6193
151,496
140,9238
147,6061
155,7805
137,6448
137,8301
163,168
147,8755
164,8211
151,2776
138,553
140,415
141,1506
137,8761
170,9122
156,8881
153,8776
185,0023
140,3186
139,283
143,6568
138,5939
144,9605
137,9434
140,5437
140,2491
139,38
140,1447
142,0644
139,7568
139,2367
161,497
149,4931
146,2169
141,952
139,9875
167,3986
140,1256
159,6121
140,9589
147,2459
154,1282
140,6456
139,9541
142,4773
162,0455
161,5935
143,0294
140,6664
170,6839
232,1654
142,6824
141,4908
144,8193
170,6094
145,1553
141,5689
142,2946
141,657
169,4383
159,2081
160,4742
143,5071
196,365
144,6033
141,9849
146,2393
165,9129
164,9618
165,8252
144,4044
142,3443
144,85
146,2911
143,0614
148,4297
142,8099
144,0501
143,4137
152,851
161,0389
153,5027
176,676
143,5681
147,3719
143,5878
145,0056
247,0454
146,3261
144,3334
188,6992
155,8868
159,8287
146,0403
169,9536
145,2062
146,1787
163,3391
194,1349
247,9839
165,2031
154,7003
163,4152
171,5125
182,3322
156,5493
159,8379
154,5715
182,5071
155,9091
157,4503
155,5563
155,373
159,7162
159,2596
168,8958
156,8198
184,5909
158,403
158,5534
182,594
180,721
159,3603
159,215
161,3546
158,2264
165,6114
163,5653
157,7937
161,848
205,4803
182,5776
157,5712
160,3296
186,577
160,2559
162,6668
162,7951
172,6294
159,4268
158,8163
159,9471
165,5018
253,2471
169,4491
174,2511
191,1775
188,8085
184,9757
190,6258
192,4917
171,3848
182,0867
166,092
253,1063
165,0292
168,9263
169,7314
195,1374
169,8376
174,7569
164,9856
180,6715
156,2033
164,0132
163,8396
155,9093
159,4488
177,6609
180,7296
155,9052
158,3557
164,2716
157,7765
157,3845
186,7047
160,5298
159,1822
157,4739
161,6716
158,5319
161,6599
179,0308
282,1186
173,707
311,6562
171,6084
289,7181
159,6525
161,9811
185,5359
159,9785
179,0526
179,7125
257,261
156,2828
159,259
168,7572
161,1703
157,7347
158,4183
159,9004
213,4636
157,9899
198,315
155,0483
177,1481
154,047
155,1515
155,3002
172,9383
153,8936
167,853
176,8619
195,2097
155,9667
157,384
179,1809
203,9998
181,5405
156,7353
168,3583
172,6218
166,9701
157,7823
158,979
157,2535
172,3791
158,0145
178,3857
156,3594
176,4622
157,564
177,4046
156,9055
176,7975
162,4331
167,0067
158,0615
209,5024
163,0785
162,0182
157,7805
159,0521
162,8289
162,1939
159,0164
168,4814
195,6386
163,2449
159,0782
162,1426
177,9498
164,4364
161,8468
158,2746
383,0801
170,7573
197,5016
182,6056
184,1008
167,2403
163,0881
162,9723
207,8331
159,7381
161,2826
180,4262
175,2674
161,3558
182,8211
180,0635
189,3172
167,1484
213,4919
191,0646
186,6832
162,9142
184,7894
359,977
171,8349
167,2446
163,3957
162,5945
174,0839
167,8345
167,4331
168,6286
192,5119
166,4627
167,1481
162,7779
187,6178
166,3505
167,4884
164,0405
186,1872
164,9945
165,0088
162,9514
167,367
168,3898
192,0145
164,5754
184,4185
218,4016
163,7344
165,4125
197,672
170,8417
165,1436
166,1305
199,5822
167,4738
163,766
167,5029
206,9677
174,3352
167,1589
167,9581
174,138
166,1667
169,8731
188,1838
167,0126
167,8524
179,477
211,7171
193,4511
270,7465
299,2091
230,6799
168,85
206,6543
190,207
168,4321
186,8884
207,7875
167,229
169,9545
169,3468
330,0335
168,5885
202,3798
189,9376
195,8192
202,6314
200,135
202,677
209,9984
178,4212
169,4385
174,6188
178,7692
175,0128
219,7002
201,8677
169,0234
206,9197
205,9772
301,1281
172,0853
189,3037
173,7912
197,4807
182,1741
192,9331
169,6475
175,3931
191,1744
219,5601
171,6328
178,4436
177,1354
172,9986
217,4984
200,7542
235,44
180,1326
189,2806
195,2515
172,0247
198,5136
172,3721
225,0937
173,9351
174,578
172,3722
325,8567
171,1403
176,5477
202,8632
180,0377
200,1946
207,154
191,0635
193,5662
178,5664
224,6396
178,3113
185,44
217,7998
207,9153
173,8696
180,8128
202,4226
181,7412
174,6541
175,4905
179,9246
175,5327
177,8583
174,4
196,7736
175,5821
178,1204
199,3528
183,2154
209,5842
175,8466
177,9057
175,9331
175,7581
188,4623
198,2703
194,7963
188,8828
206,4085
179,8497
175,1731
178,6101
176,1655
193,4267
190,4736
243,2932
182,0159
175,263
182,9642
197,5269
179,0135
181,3482
192,1305
180,1629
177,579
184,4463
191,7411
185,57
192,0837
176,7668
180,3751
177,5562
181,7217
192,7401
178,3555
180,4591
185,6179
199,1344
217,886
179,6771
178,2282
216,0847
201,4504
196,537
197,1763
178,6738
178,8986
183,0864
194,1731
183,8882
178,8457
189,08
180,018
180,098
184,9257
217,3787
189,0182
183,3014
189,1833
186,2886
182,41
199,2762
239,3948
203,725
206,7056
195,2071
180,8102
184,3166
180,7739
244,5789
182,0821
182,6176
181,2528
191,3401
185,0582
183,0832
236,7339
185,2227
187,519
186,6832
182,3061
203,6513
200,014
198,9856
184,0765
183,8521
189,6454
371,4494
189,163
203,6052
226,2616
188,3729
198,6551
199,4392
184,2909
190,7324
183,8668
209,0176
183,4923
184,7923
249,8911
218,8781
195,6138
228,7363
184,6841
248,1829
199,0381
214,7505
191,3626
227,2646
214,1473
199,8604
224,7326
225,394
211,1581
241,1046
224,3313
221,4978
206,5248
198,9835
217,5029
190,1392
195,5808
206,96
189,6467
207,5574
194,5208
189,2393
187,7919
264,9751
196,417
190,0689
206,3037
200,1462
189,4371
204,031
197,8688
192,3171
189,0466
203,2231
193,0634
187,707
204,3663
189,6235
199,9811
202,6023
192,8856
189,1203
206,2029
199,0027
195,349
191,8184
198,084
190,1318
205,9324
190,4951
201,5144
190,547
218,5513
211,3474
191,2559
203,2283
201,6985
214,6071
222,4506
191,153
194,2769
195,8816
192,9315
269,5147
210,8022
311,2506
199,0185
195,278
197,7929
238,3569
197,0691
192,4909
204,74
202,5796
211,1113
203,2196
233,6482
196,9163
193,4124
213,8415
193,4239
203,1626
214,2162
209,5557
195,1676
200,7904
196,4167
197,1774
194,8037
222,9763
203,4323
200,7483
241,8717
201,8902
198,5398
214,2474
194,3418
198,2528
199,7629
210,0384
197,8629
201,3449
214,9346
198,898
197,2765
262,1578
222,0523
201,5331
214,5875
196,1661
199,9164
198,3838
199,0113
195,8489
198,894
208,4366
197,829
203,1825
197,0613
200,8455
204,5884
201,4609
212,7192
209,9097
212,0254
236,2719
211,0138
197,2305
215,4175
203,1848
198,469
221,878
200,9748
203,5521
202,2614
202,3566
201,384
201,0821
215,7396
211,8899
214,774
217,5443
230,2668
202,0756
203,3841
204,0962
206,1957
202,2593
222,8497
201,123
200,439
228,7703
202,0139
226,4089
281,6351
218,1854
201,6841
220,0428
203,2235
206,3401
216,7132
201,9083
234,2106
230,4226
203,3861
230,1469
229,2233
223,0739
222,0351
213,6512
208,7985
203,9673
205,9026
277,6126
318,1183
203,8728
232,4206
207,4162
203,2955
221,8944
212,6223
204,6942
215,9547
219,9011
214,2097
208,6386
206,7611
209,8326
227,3111
209,058
235,5815
245,3318
211,7206
205,5906
205,9177
208,9042
204,8158
205,3145
272,1709
206,9556
295,613
219,4289
208,8171
213,2873
208,0776
233,5098
209,3969
240,7452
208,7916
212,3843
225,2551
208,0208
217,4391
212,9121
208,969
240,3394
211,2313
211,053
221,0617
227,5939
208,3552
213,8032
225,7477
209,2428
212,5297
229,1099
210,2849
221,4502
247,1687
211,378
239,6195
226,7055
219,7999
226,208
209,3553
229,3
209,0782
208,9737
214,5942
227,9638
251,9547
337,7286
248,0442
214,4961
226,437
233,8304
257,9884
210,3929
224,2483
249,1427
212,1528
214,7082
230,3292
211,4992
213,8957
213,1599
211,1017
219,6164
244,6936
216,0189
212,4102
218,6621
223,2543
230,7166
240,2071
214,725
212,8919
219,0807
251,7867
343,3144
229,1052
232,7468
218,3938
227,6621
215,8268
222,8
249,9386
247,7013
225,1527
271,1717
217,0673
219,2877
226,1772
214,7028
219,3549
214,3008
229,7275
218,2129
240,2094
231,1518
220,8236
216,3923
235,1497
221,2922
216,5144
224,4165
221,9419
217,2071
217,0094
241,7597
247,5171
220,7407
226,3847
217,1861
220,4307
250,4745
218,1373
226,9739
242,8535
216,8944
246,7306
278,2372
217,9638
217,5144
225,1901
219,0868
219,9316
310,0069
220,7684
223,0045
219,7244
221,713
221,5499
220,9986
221,4256
220,3546
219,9971
221,4544
225,459
240,6344
243,7893
237,0499
222,4523
222,1163
250,6461
247,8868
221,027
227,5571
267,7802
231,8438
246,6126
288,4479
248,0929
221,8056
255,6306
237,9246
244,0433
244,8556
226,2559
249,2757
242,6826
224,4679
224,8858
222,4246
229,8013
225,6799
254,5296
234,386
248,8832
224,5411
224,0358
224,8411
259,6315
230,2853
224,6355
226,8693
246,895
224,8885
228,4906
242,391
225,7689
230,6105
238,5566
231,4629
231,0602
240,2852
228,0405
227,8468
229,5174
243,1244
229,5891
268,1365
232,6899
257,3934
251,309
224,6738
229,2684
229,4164
242,7313
252,5397
283,3135
240,2367
235,6012
266,2784
231,6356
225,9633
268,2012
233,6329
230,4553
245,4549
237,0245
228,9431
230,1146
232,6914
259,3218
233,2455
227,6113
228,9784
231,357
229,5399
231,7656
278,9658
263,301
252,2903
247,2554
234,8137
238,2223
249,4911
228,6186
230,3247
247,4355
231,6901
231,6136
245,278
231,5239
238,7049
238,9149
231,0643
233,216
235,088
238,6194
235,8132
230,0171
229,4582
231,0061
232,4948
231,6493
233,2362
230,942
231,0541
236,9842
235,0815
232,7184
232,1279
234,7841
233,275
233,6137
240,3032
236,2219
233,8137
232,4425
241,2587
232,2857
252,0992
235,544
235,2295
283,4878
236,8219
236,1092
277,05
234,3761
234,3374
302,12
238,9672
236,0063
281,3878
236,9872
254,9028
266,2521
260,1513
262,2793
282,2301
242,2117
291,1721
310,5362
266,7982
375,5794
243,3855
258,2214
265,712
234,9105
259,7167
241,2289
253,4527
299,9036
240,177
237,3941
258,4047
243,7888
244,0382
251,9951
243,2991
317,0559
241,6581
242,2985
294,4002
257,7995
306,5089
290,9633
294,3953
277,6384
238,4303
245,3019
285,8075
245,6504
270,2024
243,1456
265,9548
262,4308
241,8333
243,8542
255,4429
252,8869
241,0775
296,1915
256,6674
263,994
261,4979
240,1452
241,8934
243,0693
246,1849
275,3302
243,0739
259,8642
269,5108
248,6236
240,269
322,6753
247,6553
268,9763
264,706
243,7413
244,2062
254,4776
240,6866
253,1486
252,526
259,0926
262,6246
245,8388
263,4282
302,9636
242,7078
243,5933
307,3057
243,0448
260,8444
274,4294
245,051
244,2405
264,5664
246,2873
246,2274
249,6758
259,5742
247,2842
243,4326
245,9429
253,2386
247,0793
244,0042
257,5927
249,1279
250,3766
258,3323
256,8133
250,1262
260,5734
259,6132
253,879
263,5428
249,0812
382,8613
262,3463
246,1416
297,2934
247,763
246,224
268,3449
250,0087
273,296
249,6906
246,9235
247,7861
247,9847
247,7091
297,1723
249,792
268,0073
267,2555
249,323
249,6593
270,1203
280,5014
252,5007
254,6297
250,5925
251,1314
247,8198
250,6917
252,1638
249,9641
253,8789
268,0831
248,9157
252,5263
265,7543
264,5692
285,2841
265,3932
255,5196
252,5551
257,8722
252,2927
250,3961
251,0653
253,3754
281,7106
253,5588
250,8821
267,6781
255,2835
252,6632
266,8408
254,7284
251,7649
285,3537
251,5413
250,8109
255,8394
250,78
258,3669
255,818
250,727
270,9606
254,3066
252,4988
269,4792
251,9298
254,3045
277,9563
251,7706
259,4204
265,1574
252,1357
255,1936
256,3513
254,3369
268,425
252,4229
260,7497
285,242
259,024
260,9838
262,5433
314,3072
272,6823
257,7775
365,9736
285,4702
257,1855
261,6067
258,7368
261,7408
271,539
262,1752
312,9819
281,7361
264,6009
257,7703
261,6266
261,8012
259,1032
271,2007
258,4907
281,6745
263,192
258,073
260,3326
261,9688
308,2727
264,5562
258,2328
287,2256
281,7943
261,8998
264,8782
259,6969
282,5229
290,9782
264,4186
293,7298
259,6854
263,9433
261,1778
262,1075
276,3117
262,3182
275,5248
282,618
262,6298
261,3976
263,7465
265,0898
265,3996
263,3807
263,6173
276,5862
262,5309
288,3331
278,2415
264,0237
269,9951
266,9998
270,7963
283,4132
266,0395
260,5086
267,3383
264,0325
333,0495
266,0949
261,8221
472,5029
280,4572
286,9759
328,0927
286,6035
281,1245
264,0549
298,2952
263,8801
266,7045
362,0134
267,1013
284,0314
263,3607
297,2143
367,9127
300,727
282,2213
265,9722
268,9291
283,8664
270,4137
263,1674
267,4096
264,7759
282,9719
271,9934
265,1798
290,8246
266,3137
268,38
268,8335
288,7193
292,4064
268,626
265,4306
272,9858
267,6328
289,3235
268,94
266,649
347,6775
266,3455
279,9795
291,6321
267,1471
295,3318
268,9079
278,5944
270,49
280,3998
285,9256
267,1669
293,3527
290,1771
267,3497
294,5754
267,4065
273,08
283,2389
269,4421
271,8684
272,8872
272,5907
286,7386
269,85
271,1808
284,4473
269,7353
270,4506
269,5932
270,7598
281,4663
270,8814
274,0716
279,6125
264,0664
298,5223
305,0209
262,3199
290,8973
263,8234
260,2774
272,132
263,5518
279,8825
265,8129
264,2561
293,0869
264,5177
264,3511
266,1928
262,1193
286,2877
264,1395
320,1259
299,0205
310,0499
322,6626
298,9467
294,5142
263,3501
288,1
277,9024
276,5741
292,5704
263,6282
265,7005
281,8539
267,3696
263,2852
273,873
267,2982
282,9414
267,5408
391,0801
268,0851
268,5517
277,2764
293,8045
272,1801
281,1982
290,7666
277,1596
271,1257
267,1971
322,3301
271,5501
271,1989
269,7596
266,8974
285,5993
266,573
266,6316
309,9223
348,4686
285,8869
266,4707
289,6197
281,3451
277,296
290,4955
272,6041
284,318
286,0068
280,2091
317,397
276,5179
314,7228
366,6514
283,9559
268,6147
304,8022
267,5734
310,9815
281,0002
271,6826
269,1806
327,1001
269,746
288,9819
270,3853
278,9672
293,2099
274,6627
288,6925
272,7726
288,9848
327,4091
274,8008
289,0986
271,455
272,4032
294,5202
273,5251
287,6162
277,2517
279,1188
289,6343
275,2996
272,9196
287,3256
270,6789
291,4536
275,5627
275,6702
275,1839
274,4481
290,4969
333,0538
289,4152
297,2171
277,5533
300,1379
315,5286
293,3962
296,25
288,4274
300,519
286,0902
320,8432
279,5349
299,4802
292,8086
274,611
296,6289
276,7894
274,4656
280,3393
276,5301
289,4096
279,0822
276,4697
280,5638
276,9069
308,5641
278,5982
376,5043
298,7133
275,9886
308,4403
277,6291
299,3994
280,9591
280,655
297,9938
321,451
318,3066
277,1197
284,396
301,3582
309,8495
299,0799
293,6275
297,8686
276,9016
305,4145
296,1926
322,633
312,4385
392,3574
277,0934
300,7301
297,2711
316,764
283,6615
306,6769
282,0207
278,7937
280,759
284,1957
294,9702
292,2224
280,7814
279,1373
288,185
344,0918
304,7769
298,2179
303,1042
294,7289
299,182
317,3185
366,5116
281,9185
301,1613
282,5602
303,2749
279,8089
279,5567
308,3776
314,2112
289,4855
285,8697
287,2506
310,8921
282,0395
425,9141
283,9173
281,6814
283,2141
286,7025
313,5552
294,4139
304,507
319,5486
315,7436
298,2104
283,001
358,7818
284,399
290,0685
285,1286
284,1058
316,6434
282,1649
317,946
303,5239
288,1979
342,4935
309,907
346,1591
284,3301
285,6393
286,6506
285,4027
304,0336
287,5674
286,3313
286,9009
287,3138
305,1025
311,2869
334,2456
289,0697
328,8412
288,7053
314,0015
307,7394
290,496
307,3497
288,018
285,8947
290,5566
341,6433
304,6169
286,9665
313,1042
294,633
335,1225
290,3377
290,1463
320,2017
289,3696
318,3308
292,437
297,8385
288,0401
287,4952
315,839
290,3223
316,6203
286,2069
314,7955
288,3581
290,5007
307,0859
292,4809
317,5161
290,9804
295,2753
307,3265
291,0461
307,8645
290,9414
292,441
305,0538
293,756
308,3113
301,3213
311,0056
292,0641
298,199
298,6036
290,6445
313,1278
297,4619
350,7436
299,86
295,0295
333,8017
315,8128
315,8167
293,5345
316,6315
289,8328
298,1256
289,7053
293,8525
318,5077
304,3832
315,4788
292,1667
293,9467
290,419
310,2474
327,7506
301,5044
322,3268
336,7237
300,2251
295,6533
295,3527
323,2074
294,7791
308,6273
343,2408
301,1668
293,7668
295,5151
318,8851
296,4755
313,7324
300,757
294,5277
299,5885
294,6798
302,7274
296,0928
337,176
314,847
316,0297
295,9334
295,1116
309,3124
298,8294
413,0162
295,859
302,5137
337,7245
329,8455
296,616
373,0737
377,3725
331,6874
446,9619
387,8008
336,7315
493,7416
322,6469
300,0643
298,3371
302,9471
314,2802
299,7231
318,3521
304,8363
298,1853
324,9873
311,3938
327,8234
300,7528
326,1213
300,1302
361,307
348,2595
334,0739
298,7706
321,5483
298,3669
317,6561
324,8961
301,877
298,6594
321,044
350,7926
320,1139
319,9744
304,3154
321,3379
327,7653
319,6171
303,4415
304,94
324,5542
305,1154
319,4179
324,3496
313,652
301,1801
301,0398
307,2267
327,6844
320,7567
308,137
325,7114
306,7646
322,5016
303,5526
302,3599
306,8763
302,9807
353,7669
301,4477
362,6357
323,3038
326,9463
310,7854
307,7882
334,4327
326,1098
320,8619
332,8575
303,8395
308,1749
333,96
309,5883
352,6239
316,0435
325,1608
306,747
326,2602
307,6051
309,7996
308,6981
305,3415
333,8641
306,4888
328,031
304,9864
305,6038
307,0906
305,0335
315,7726
306,1893
344,0672
327,3615
326,5132
311,0307
308,8897
308,2065
316,1821
320,7378
307,7011
331,0631
313,3409
335,7753
309,7669
326,8125
306,2787
340,2574
326,1526
362,6154
311,613
311,9519
331,0015
310,143
327,6453
314,7253
358,8167
310,9307
330,1131
311,8886
320,9749
354,8149
341,6862
343,5661
315,5784
378,5406
339,1739
327,1286
335,3992
343,6667
315,1396
343,622
320,3417
357,9021
391,7553
326,8093
314,9985
318,8775
343,5328
314,4656
335,8511
313,4496
351,4446
315,035
330,3729
315,7596
316,1447
313,3736
316,1885
311,7876
322,3855
330,1232
315,8418
333,4454
319,2566
338,4575
312,6834
330,4722
317,1163
332,7966
319,1522
355,102
314,9598
316,516
316,2947
316,0323
331,515
315,43
338,4904
348,9509
333,7062
318,6451
343,8458
318,7628
318,3909
324,5898
328,1595
322,6682
342,5722
342,5511
347,4863
341,5222
321,9227
338,7332
327,5873
338,4851
323,8284
329,2528
320,6763
324,5656
320,5249
342,0517
368,9065
322,5516
343,2374
336,9523
342,3385
321,8728
337,4448
321,676
337,6834
320,9926
335,8542
321,7029
339,063
324,844
341,8746
327,7196
320,8698
345,048
321,2533
342,7989
320,1477
337,0394
319,4149
385,1312
324,8658
324,0839
322,4343
323,7149
337,5257
325,9708
336,9086
331,0614
322,9056
323,4936
341,9622
320,9071
344,0217
341,7247
377,3662
363,4686
342,3576
325,7818
341,2871
322,6099
356,5659
323,0522
361,4829
328,1654
342,9082
462,6249
382,243
351,5291
372,2482
364,6255
400,5653
350,3833
349,5501
324,2019
370,2259
329,1898
347,2457
346,9562
344,1303
331,6595
347,4877
437,5428
370,5814
355,6637
389,9155
356,958
407,7874
368,8574
372,5518
357,9873
481,6242
400,145
348,8877
512,429
327,408
329,6566
327,7153
331,447
347,183
358,0202
357,3333
367,6603
329,0995
337,4926
352,3891
340,9633
329,2679
334,4311
340,5033
333,4211
358,5776
355,9197
329,7922
331,4644
355,7278
364,3568
344,5711
329,6171
383,068
434,4312
342,1259
359,9473
340,6452
332,157
339,3453
330,0801
338,1051
329,4392
340,8264
333,419
356,6928
342,3521
350,104
331,6129
343,4639
329,7322
346,3921
331,6338
401,1176
336,6833
357,8486
332,6426
363,0812
360,3026
351,9324
358,5245
353,1074
390,7093
412,0394
332,5955
349,6222
333,1388
358,722
333,7743
354,8598
339,7796
375,733
341,0638
350,0305
399,0619
396,6502
344,2123
353,3582
362,3596
356,5739
339,3527
354,5666
337,9767
488,7042
352,2683
350,437
334,3833
356,9721
335,2227
363,8467
353,1946
371,6199
337,8007
346,0688
388,5253
354,4599
340,4258
351,4163
404,618
364,0213
358,9862
353,9585
340,4427
404,1659
357,0131
353,0368
341,0303
354,7275
341,2055
353,666
340,3359
362,0951
340,5055
360,6793
339,2028
423,1053
342,9351
372,235
338,791
373,4088
363,74
358,7417
352,3176
363,3272
340,0758
362,7466
340,0182
368,8559
342,0302
376,0105
339,9584
353,5952
341,681
360,5795
393,0687
366,8791
370,812
373,2687
365,8226
345,8626
342,47
343,5934
344,572
344,1561
344,2053
342,0883
353,8682
376,0145
349,1585
367,6008
340,9874
390,6216
343,1473
371,9736
351,1784
366,4166
345,018
371,8812
347,6647
373,9943
375,7455
366,7617
347,1452
363,0454
347,9348
371,7441
387,2457
364,4946
368,7494
406,4826
394,0299
529,8749
348,3768
410,1404
363,2634
368,6361
352,972
383,4731
393,8863
358,2346
374,2963
412,9872
432,577
379,4725
386,0084
398,8048
414,0489
414,6848
386,3262
387,3357
379,3816
371,7745
392,8799
384,3319
408,7172
373,4747
456,729
382,8357
378,5961
391,303
372,7263
396,6281
404,1555
431,4194
376,2376
382,2275
380,2755
378,8964
403,607
373,1886
408,399
376,7869
402,1912
380,8075
399,2364
377,1635
463,4547
378,3696
380,7154
380,1934
377,5569
398,5007
378,1813
398,9625
388,5641
473,2283
414,9902
438,1032
436,274
397,9759
421,7141
385,778
389,2922
449,2329
444,219
438,4029
399,6873
465,6334
493,7878
379,1119
395,116
577,1174
399,8611
477,1061
507,3203
360,6956
591,3
531,5653
441,6085
433,554
702,7602
458,0961
452,5184
495,9899
425,6248
452,9156
441,0163
488,7708
444,0064
443,3393
457,9588
457,8074
396,2521
419,7147
404,8158
442,7819
562,0518
608,5714
446,221
435,279
437,1118
432,2539
410,1329
436,6283
425,907
394,0184
459,3271
388,9902
501,2612
405,0292
394,9624
442,956
402,7669
443,5145
422,0426
419,3004
522,4275
596,3897
483,1887
483,6422
526,4987
581,4016
529,0389
522,8736
556,5443
498,609
534,8171
510,8837
486,5593
455,301
417,0367
422,6915
406,3636
456,8175
430,7124
404,9364
526,5249
430,0084
482,2052
506,1087
445,5675
457,5533
493,3914
479,2171
457,9829
549,6702
442,7596
433,0545
532,936
461,1257
444,422
485,9125
565,3621
419,2256
429,2087
475,2187
434,5536
646,2511
529,2449
623,4249
412,1748
503,7269
479,0115
585,9867
666,8921
651,4621
666,8753
669,8326
448,9619
447,4057
431,6983
420,4885
373,6713
434,8855
431,2534
440,6512
458,3923
444,6013
419,4331
436,9967
412,4093
424,574
492,6065
455,1125
443,9538
446,3324
428,0469
433,4471
460,4086
472,7691
399,2858
486,1336
450,329
448,9645
548,6002
449,7346
603,7761
479,6206
442,1191
507,7059
428,0508
448,0843
407,3425
411,6031
391,0861
427,321
408,6807
420,5941
417,1371
417,6698
548,6552
390,161
397,4687
460,7446
408,1894
410,3306
405,1394
399,6745
397,3791
452,0276
422,718
454,7584
388,2112
415,2888
473,7317
400,6581
406,5714
396,1301
477,4947
403,9129
403,2389
412,3878
408,9579
410,9079
393,2025
404,2014
441,4013
413,3468
423,5617
390,7995
420,9289
396,3772
408,2312
394,6095
426,2099
394,5127
495,5243
598,7324
475,0572
448,254
467,484
473,1261
448,0177
446,4454
466,3651
513,8498
691,6043
546,9796
470,8085
506,5089
408,75
398,9828
483,9951
422,4989
429,5113
553,7906
421,2295
414,5247
2719,0237
7925,5073
391,5118
398,1166
396,064
405,5691
396,9786
396,6167
379,8971
568,3139
431,8921
452,3418
445,0615
430,7985
399,224
417,9261
1232,2538
394,2078
398,4386
383,2018
382,9869
401,2251
386,5584
401,4138
379,6104
392,1443
384,2535
692,1377
470,1735
443,2707
465,1718
417,226
425,8862
432,6766
412,4785
425,7731
419,4507
416,8018
432,0868
420,8356
430,3097
445,715
428,0214
429,5974
421,58
428,8174
429,1535
419,1896
416,4193
475,8584
431,3187
449,2679
421,8682
420,2316
439,3515
429,3852
473,1035
453,3127
470,8124
421,9003
443,0284
415,554
425,8627
443,7671
424,8162
426,6617
446,6196
453,3678
436,7569
428,207
549,399
428,2621
431,1929
423,7992
429,9366
491,4949
417,7664
427,1107
436,9232
419,5929
424,341
467,8873
409,5145
399,8074
407,2255
648,0604
392,2346
445,0984
398,0522
485,0042
413,4432
390,2421
395,7001
403,7565
427,1196
404,1572
421,0952
413,4645
400,8844
407,4147
414,4326
400,2952
389,6543
436,832
430,8013
404,3755
390,9201
460,0365
413,5228
428,1261
404,3971
480,3685
442,1954
423,3355
515,8698
461,3877
423,4494
467,3342
398,8293
408,8357
392,4986
395,9232
440,0045
397,7513
435,7785
394,8777
414,7089
394,5229
398,0086
429,0478
401,465
427,9162
415,842
404,2972
416,1407
426,0058
401,8909
402,753
514,4326
410,6899
407,1021
421,7218
409,8832
412,1482
435,7838
417,9388
430,4866
454,1506
423,6554
626,2266
490,5591
410,3762
663,0614
424,8619
433,2405
418,4193
808,0098
405,1036
891,533
421,3197
413,3824
459,6069
451,3652
410,4296
505,627
434,5889
421,8925
491,1447
431,6923
557,431
459,3291
504,4604
502,8053
458,2513
487,6205
659,2498
517,3174
470,7616
650,8396
448,4581
517,0512
447,579
416,6728
439,8787
419,8714
416,9765
480,4395
443,0369
423,7668
429,3007
444,0287
419,5971
434,2725
420,4139
426,532
440,8499
477,9957
446,5005
449,4772
420,9333
421,415
560,5393
418,2084
425,6384
437,0216
432,4978
423,9373
438,0152
424,6514
423,8164
445,3447
417,1463
443,8703
438,4986
419,6733
433,5168
460,7709
427,624
437,8942
429,0663
421,7188
445,9557
433,0642
499,9102
452,1289
443,56
433,2448
438,684
423,1003
505,5108
442,1664
428,7647
440,2093
441,4648
421,2231
441,8857
437,889
426,0984
444,6304
493,3617
459,5713
439,2269
443,2597
422,4335
442,0744
451,498
428,9076
432,0167
441,1409
427,0188
517,007
446,6478
434,6789
445,2774
445,7825
431,5108
448,193
431,3065
425,8466
443,8835
432,9314
431,426
446,6917
437,1119
552,2481
427,0587
427,7044
465,2791
429,7257
427,5952
455,7842
432,22
424,5159
449,8273
431,4938
458,2273
428,8514
452,1829
539,6055
476,5864
415,0071
467,5877
455,8989
415,9133
432,466
423,7381
429,0058
434,4329
419,5831
455,688
421,1811
419,7681
435,8245
419,4216
443,6977
416,3701
417,3827
526,5312
418,0933
436,3871
447,7186
419,1743
442,1445
421,5183
427,3353
471,7855
418,5907
454,6249
425,1268
423,2212
452,5472
420,1867
441,4997
482,7893
437,7397
436,9469
447,1908
510,6168
521,1857
428,9703
427,6728
596,6061
450,2894
426,589
461,3435
428,3793
588,5478
570,8044
750,947
485,6681
552,6295
721,7324
519,6142
506,6417
506,9596
447,745
582,2604
458,5313
445,5393
445,0641
457,2488
447,6982
463,5148
468,4099
442,9511
472,8353
446,0076
444,6832
462,8543
447,1825
452,5671
519,8627
443,2148
446,6934
469,7147
448,598
472,2126
469,0494
447,6999
468,4047
497,527
558,3611
497,1038
526,2262
633,7698
575,5915
458,0731
508,2289
471,9753
452,0355
678,4699
497,8022
467,1228
549,9807
576,797
520,676
615,4823
480,6809
470,5316
451,9402
501,5037
477,7071
448,7117
448,808
477,6832
449,6699
501,8657
480,0008
446,1318
466,8626
470,349
448,8767
451,1642
471,6318
491,6388
492,3274
468,3255
449,6985
453,86
465,3935
458,1249
457,4863
473,0383
451,4275
453,2052
470,3063
452,4561
453,9855
471,9282
451,0569
490,1531
471,1976
453,8242
452,0159
513,6684
495,5539
477,1713
525,1708
525,695
674,2314
548,9909
536,9303
753,9906
484,7785
469,4442
461,6366
486,1602
471,2197
453,3296
589,9392
712,5397
807,6604
699,4738
535,3313
690,8739
547,3021
691,6222
467,6507
501,1863
475,2115
462,7869
499,1156
527,0286
457,3643
479,3608
490,2934
458,3707
481,8428
484,3886
462,256
458,7673
482,0123
492,3631
455,581
463,4194
471,3753
471,5408
461,1374
481,722
464,4092
538,6588
544,3692
476,8693
481,4665
463,4613
515,0592
473,4675
447,6234
444,0364
463,6606
451,2059
459,6991
463,221
467,8709
457,3051
442,4579
457,9185
443,7358
442,9905
456,1131
454,2169
473,3238
461,8574
445,5276
471,398
445,6392
493,8295
468,6494
446,1849
479,5377
461,666
450,2849
475,8
521,4956
469,4803
477,7541
489,9067
484,748
495,7759
470,1072
503,4399
485,5764
451,2154
468,0165
464,9362
463,8962
483,8736
562,024
463,2741
466,8148
493,8847
479,646
452,0336
452,6875
477,4137
456,8407
457,2284
472,2383
448,0111
466,5902
461,9526
455,7607
563,697
530,2891
526,0892
479,4372
703,3381
523,036
547,3174
549,0509
534,155
499,8896
513,0837
655,9467
553,3558
639,594
765,5376
548,317
600,8595
521,6203
563,8696
782,1034
632,8126
596,297
472,3013
519,0314
462,2764
473,4258
470,2052
461,9331
481,2422
471,2659
453,0509
512,4232
525,3382
550,4441
571,7246
466,9088
487,8691
462,5421
479,7711
572,1237
537,5042
458,8636
456,6404
492,7784
501,5241
496,9148
521,5684
619,9788
513,0133
693,6722
684,6686
660,635
541,92
515,719
480,3562
477,7787
550,8683
602,0747
665,596
656,6854
673,0949
497,2576
507,1976
563,3377
557,1747
517,5831
510,6108
515,5568
548,0906
470,2085
537,3591
572,2727
598,9032
501,1185
462,1897
667,1451
597,9411
654,6747
567,7332
582,2809
887,0172
458,7274
490,1508
617,567
602,677
466,142
472,6352
523,9647
548,9484
484,0294
625,2715
480,3345
513,3744
571,9219
663,9083
658,0141
735,8491
492,7071
502,8286
604,9482
514,8515
502,7083
511,2542
491,1837
533,381
506,4852
502,2397
479,8315
788,9549
694,4973
480,1417
480,3603
510,1848
494,1297
496,0373
507,3152
507,7925
527,093
487,3612
503,7793
503,7401
507,0341
495,4016
580,4905
560,0851
515,913
533,6328
522,0886
485,1231
492,6299
577,1195
560,3323
543,1962
513,4772
612,1138
530,8912
808,6253
487,1078
486,2048
507,2253
471,5489
476,6604
486,8853
470,4331
491,9296
497,136
494,3578
523,0118
469,3172
494,5126
686,9222
804,704
584,9223
519,4411
500,9905
510,5096
517,4129
511,483
511,1063
535,2054
517,2616
577,6769
494,3928
498,5066
540,1057
551,2065
522,3395
499,2183
496,1403
525,2396
522,6196
508,3177
494,1438
502,5479
565,4751
533,623
494,7027
532,5161
562,565
555,8125
545,7982
582,9318
525,5623
504,5535
505,6416
535,9116
537,3275
503,7316
512,0776
518,7867
534,7578
529,0378
550,3963
509,0605
522,6208
522,7728
512,6337
512,7521
502,5135
616,2221
521,6308
506,6804
500,2705
516,9747
500,2206
502,4643
529,0525
533,9325
502,8919
505,675
574,7953
873,6011
593,9501
531,3252
526,9939
618,3263
501,897
487,3975
499,8298
483,6902
509,3935
483,8768
501,392
512,124
511,2005
481,0266
583,2284
851,9536
773,6273
615,8293
610,7918
516,8527
490,3172
511,8484
516,3482
496,7822
498,5006
509,4271
638,1401
560,8259
566,8608
604,2844
1021,4453
680,3596
675,0562
606,2297
570,718
571,5889
595,2029
594,6017
591,5093
673,5523
629,285
663,5856
617,0923
676,2798
542,2262
882,3215
763,1513
530,1798
623,1041
636,2916
568,4018
583,1772
731,7433
853,6608
837,1043
554,704
532,8337
540,1061
533,6616
555,8992
561,3672
580,4082
541,9089
642,8444
694,2778
703,9823
605,1277
570,376
539,8098
533,4906
507,0151
517,7616
529,7705
524,1785
517,4721
569,171
521,9309
530,8392
532,669
511,9517
503,3221
533,7268
538,959
509,4549
520,3453
536,0013
581,1493
513,7145
518,6043
566,1265
600,977
571,9946
518,7701
542,6355
571,1945
578,5843
620,7893
538,6538
526,4311
688,2282
896,2339
820,354
518,6352
508,2797
495,8871
549,5814
826,6723
571,6273
537,0436
646,9634
677,7418
609,761
598,3171
514,0259
565,8597
568,8016
784,7177
714,5033
572,0258
581,791
822,6852
617,7852
1169,8469
742,7788
725,2394
886,616
760,8579
928,8732
551,3463
975,1088
627,9293
694,4141
630,9286
713,3728
623,0438
633,9891
617,8463
548,5087
554,3673
569,4786
539,0859
602,5486
569,3302
553,3424
564,8358
521,2056
505,6824
526,0455
504,1239
508,8786
578,8141
558,0745
577,9573
543,2883
533,5581
574,0268
561,5887
537,9019
567,9699
721,3072
593,894
569,0556
583,3612
687,5298
557,2497
535,7046
546,9337
556,2606
570,565
582,0342
536,1198
537,1568
564,5485
559,2319
599,7303
546,1315
533,6573
610,2469
556,3367
538,1319
550,943
560,7101
569,8392
610,7045
545,8178
551,4084
538,9964
572,245
561,8925
540,5487
543,5965
691,3096
572,2464
569,7205
553,3871
596,7646
540,3163
567,6178
559,9843
564,5465
598,2777
559,1448
546,2546
570,2215
561,5666
541,7928
547,5995
567,9541
566,8565
565,8632
550,5272
543,1356
567,9386
574,9291
547,5825
561,1786
576,8617
562,6831
574,2
546,0491
713,9733
550,562
566,6041
562,9386
547,9503
560,5088
559,8351
569,7996
576,3685
549,0193
549,1934
591,1464
597,9347
574,6585
572,1153
547,2834
545,8232
550,0079
573,769
569,1395
551,0804
547,6882
550,0791
575,1345
563,4296
609,294
552,1317
557,2616
605,7205
575,3761
579,1838
572,4226
551,4649
612,9774
570,5489
722,1124
575,6356
576,8746
554,4733
550,6406
583,9565
583,0792
588,778
556,6348
554,2126
581,3486
572,8827
660,2209
575,5646
557,8465
552,6994
633,0646
581,0841
582,7601
576,0386
574,3105
554,9857
589,3414
574,178
576,9524
562,4552
554,6563
586,4562
588,1508
650,4379
576,8694
556,061
581,7333
563,5207
563,0666
589,779
580,8865
588,9071
576,8234
566,6487
609,9358
657,3552
571,4359
555,7159
675,3005
602,9675
596,243
577,7918
673,2852
587,1766
563,0551
564,3259
559,5667
633,797
584,3631
583,2957
585,3511
581,6937
591,532
573,9603
574,5961
588,1521
619,3522
602,8025
662,9719
563,0686
701,713
567,2705
601,3707
584,7577
585,5947
565,0838
565,4487
587,7682
586,5539
588,9207
581,069
571,1449
569,1833
592,0018
632,9756
589,7913
568,6486
570,0336
645,3512
596,7818
600,9445
592,4574
593,6476
562,9137
565,996
605,3314
586,7764
586,6172
572,9665
575,2165
576,6261
700,2112
573,9194
604,5844
586,6397
592,8
610,6214
567,92
621,5282
596,0992
601,3337
608,2003
586,5362
578,6431
568,1486
602,8695
594,7136
602,4037
588,9193
587,4357
575,7629
571,7325
589,4593
578,092
594,835
593,3722
594,0482
681,6137
597,6939
574,9645
609,5923
570,6536
575,9511
664,9717
696,4381
591,3206
598,4061
602,0397
620,6237
617,4139
771,3925
742,3817
997,2459
832,8463
678,005
613,4565
652,5819
618,0524
746,9474
709,9179
642,4515
664,6605
690,2037
684,9593
659,4841
810,1181
956,263
1034,1179
917,0751
738,6088
733,2523
763,6342
654,5
635,0148
719,9496
684,1505
730,4694
679,4289
663,6928
659,5046
688,2572
579,0854
541,4073
618,8934
552,8126
659,2345
572,9777
581,245
567,9843
570,5539
588,4081
556,4933
539,835
545,1845
567,4536
561,6064
592,1668
565,83
542,7265
551,4097
570,3089
580,6626
579,4457
607,2178
541,3687
543,3406
566,811
575,5525
595,3807
560,3361
566,9917
567,8046
562,3182
564,5418
547,542
546,4777
569,9062
558,653
574,1607
543,2545
543,9853
556,2841
570,4482
563,7715
545,3521
548,0676
574,5202
566,3766
576,5941
547,4803
547,9197
579,8142
564,9005
563,0114
561,1764
544,7134
568,5053
575,5083
551,8841
551,349
547,0393
565,9391
564,2558
553,0889
556,9636
566,4533
569,6359
568,4502
548,8485
552,0556
565,1654
629,2068
570,7815
549,5732
547,809
549,4688
580,1329
565,0064
619,7333
562,7092
644,6694
645,5477
650,4136
577,6942
576,2732
572,8443
563,1515
788,6152
719,8869
712,5907
591,3738
633,6522
749,0871
910,0818
621,4491
625,1363
611,2404
624,1458
669,145
637,7163
659,3681
687,8564
585,7036
583,7059
567,2806
557,6376
568,5199
652,704
579,0836
573,5763
724,6673
580,5052
567,2519
559,4578
580,9247
575,1415
609,3995
557,6369
562,8434
569,5894
593,7466
576,9569
564,7148
561,3663
561,1998
579,9572
657,2046
589,0635
571,1309
569,4162
692,1622
606,6633
649,8365
587,9109
586,1147
571,5606
619,7752
583,1197
623,7959
589,3386
643,4278
584,3411
563,9296
572,5716
591,3293
-1
